48752409503421957053725190443273117629584444251354497078680127391007506891484
94944492186933978042437964164230467940271522189049165932834772739137848947640
101670095151068552576773203516325133154387115956917240685557852556402132369260
47002351710452317009553881272328097953723127292312768542215033182585477932704
416707536936519342845001444619365662890436293092084995466250211911625364379
50492276425134422254286771481498904001086717483977386911575286094848226395639
10323905307060350467001652984487244129862979280243654723467341468534742451882
52765312795668637095517048281043311192745297266783527521051283785018925525333
27552471505774378094591807340811645511569388485991044953268149658065684847211
106175382186542423386024741398372874061983795739638018457950655250614551851882
81038682100311300514475518583264741501552996781628032767326199003337377665726
53369594116014111782119475749475655457422287378220491083880744743412161194409
50511262633258924606574841373580967706211630483507345207360859650774772784664
83862548392445066621023230447650451205330914660935297747519208002396028708104
14934976552714570392934148208339735564187882662102579031449787082905160521726
115222174495178972597242153296574228357568405573547619954868422690044385623882
31958162150284200697602389744277685070752330046458954694977603048442259194222
69115903252564028932607970939056071262567484976590059951533563893362129421287
25478673188747680761756730835554159393565534756425354457401118108842501260320
13220808430095668498270864927073589041107579370156972504688669301796445918337
6101897799566213123090337273867645283538408203399268531575220712524787338379
35985812741266002907646100354483142904003847111344446709991116324398540107051
74988780916956591045673086493169969654485034459094130154822766216359702500146
12784712151860266492160482304019432173632428353647578546812283348680548027453
98265476047096830320663337323995500800885691304462866481632235733106629346348
48241776246169514336461056898811666844508483777916446267656757399608093334112
96383303919912878193010495944843355592614909035198609775663870623385041338536
82693942275554345759083754643281329940535890778790246216335380551134208933359
25278683793768981115588738298542246384123168098707559827864007332963865665143
20741445523390060999768137890246396336536293909282784182502873324765925505469
101038901587874456193872581078278566451765752903833529794076970822271819758757
60763151606228164639374587425137330377533658214021158623973224289975049073830
52751487615750040938226747732213692445656780041927095079274388719771642472352
95657622890327984682291050790326951626251808867267061238816613639617323420317
8239192060258569445101249905204115449277068514431024842686185001139918913376
67311422185644281029535203532559640261323160952050294433439484143977234768111
68387441863858566350124131480648492582690818870045049797745739234553484952102
48392637612818519952705075920617311097456603450982404984852273869937908492480
35797432260666834408316577156863102441594378924601848315075758684622675487446
24642356159109095959509057239654578196575789946066872588868191714723529672280
60298111981025921027715338991795484934329979192837815865713992480947916963404
102372452017698293627253747732261938167337308575609649303639212710594781599545
103479261525776328043119968698824827043708340934868586418378259677134104217694
76961867143527771041568300442039324157491897922276463118137190188127707976724
42782138422238280780225468715393480548082233292476867635118722173182707746443
82331662040708742610187263673288913012342181406566253311555282767972208598879
43706789327260513633139339814399210880388109173809660236534264899800591369760
113870448789598543601628065844788558648427287050158691632346341971339723679918
14508344936788585593838466817376200856495780195297665568221873275696145422256
13372459881834398589358385320470522462465891632723498777844561225703615347696
91926789364322079967993143259842984736207937287318135045691201605911108105860
65314432115892477836341648113283851854891408662615080212810442744015743831060
106231807954848366404610846577461997705707311518505967532979050197422440832935
57053162747546913367028822645111487733396941306427348523007616161103716274107
27824976325138279872367985653646191800539841823193383977172246580526404557968
97160312708444674634061638411431157625651934152736793140814695636227590669341
96560126490403347494185619240772145029275926788333956040395024313430369235277
50074173152477761766162764386018595820535052156634412037659401998464523808632
4550185507353888721737582240641656707383339664979471897961946620901127313601
19345343121350927444271523436393627930748022380132587751761450537737606826088
67521500577868937017706879485031891145269955482261496149578342571317076897039
77789343065141643947403553425453042451507887367418900408918009802887919911746
89988286174545424122339469322495221904902220924445860476600760950970502606589
2690435116211732578698690973605860824214670492117540886429500850867060790720
8138583066446657897659602058212978909110623706745247804018843915192101926412
78961444686186496620008201525403142634528465309288862957453702499244846398803
25544421153363015081641860306628091862599259168836108087187280827988604677213
41831301147262275960621041253511603083200823689150733368151328746477275412224
47771898214210868916648749491614048748527780158186672387756600985886022713379
77765408798907060834772689656348127861001669637471785942346138267676689417892
85596048397282091368250991476892679482348205198179935400856655997789340527017
46684785572567818239536120838082303564046331665625208715887606562723512774692
54012770380479976672342018926219704284238314727304947424747253832561676779597
33924443326481225315430245431207892064138088056661565940687463831524376891579
107280293181992386203788280236878168766913478049287954701864126485923690985443
78176153891954232374941921073232202892849429671620065968732210609018548652192
102864953894380739164263077419626759859199066778406816189731096162821996610254
66441931153780421324160580442346927456878082729757243963506370684058372109068
45134575804598895160617868226186398882607652568655856159840086203337095938802
73063723190971419846884636004217031259223133039135471439553682592377572288731
65000165535130102457075702852813145463189394761378202451820178776489172600891
26523692902321235907193613503282443476981627684857135176587722468771525467831
48812318560301158992641494931633347074563794920096324714945869461923376401155
106002771095554535311644492672779025774286657746097452141128656208963206332187
75351946533351609894162697681962391514374371735081667415634124204686540240716
91917931798240222561745930913091330436083679702255627015611656190557296644102
10822664803090625287977171643450378635858614640160664948580126478595429539031
42786555671066068339631523351093225422739271291008709039588091663803230778097
56515225384543744555178910588929623086720902436758508566832208712426561037007
33468309491781840737750511429332428548882579653473474869207326909541273111211
41851484336950933775478378608108493738325199012558241021572732796511186082863
107429244864382656445578524299096839153985507284710984785739496145534454816620
33874747355997102617217420596409825795490292173226506295728912204092831750138
5924753051261222975311998850375415233195729446130649159770415794469441876504
78284380960818285220678807104842629374400966478301930863348892085537743870217
20166769332262504399601640910606511251228857605165841602556074916745330839031
78039827646810705934916861812554767183777923847181073509823446694097936811311
19332220531859855261348599377498082386475615023063552588274844300195297672786
88296932797889614811230629201275629431534477483592902562875677620676901045408
49117994683314375141948755189439701467115665814212155881156530273748733991767
91745629017582606358056086490929797982956396991693821206087090461069948957253
33300813452824708202450937503182234863890853202229402491510983243507919971686
74224438672597165755193913425271519595683288297567520859328157740529854839497
104780140483069607402649942400434660210744851452724023991167336575603132025441
25188293206417111869471086595300710848963103904083408539092664808545759512326
93310933626399368401867632284535557333322849510571724044290960622850821455081
10259571636084877486113150003341308690390794555482270795334334107640989367451
80227878901639094468572727782055479800405821960003865569661877845662539059884
16965384364558518008063820548663438061942946846801106162108913961691575162211
105277170614425683658498108936806616883144796003167827602102450140017968128311
33812946199769874427341611506878601745263157902570767652879442000661067308315
8361861809616346608420368881686821141443019431119258719168471077091904170803
45019061039633254944570613234245749541497653761022492315429263851222122039802
79558659603583057261380776552643110380885441515663500088252067668563745952798
96674675822027477531056416831332295507714855314687256790737737617056836321330
96272989193882042080452933179608374525546560106569301215911350149847465716498
93415943424451458930867585895406874901986220012388962480315872356762437987384
56050143386876079650972569425195193419423138715892489819137597932028821195723
70217788586671985255872075673656473037216183135404939765227444777039905142641
49966224814995077239961600567499340096628152382289500857930044639441717154450
85370860080963243075384634417071077298699278860310125434189423221826483225973
105612525653807287618817348135495719881220375467726294005730266030032067481609
48219613078754590356925766004967326966210631268138333394019073329580479696108
39951262708492086029236627062282438633496111577759595012321066824541379596978
30904220532408398082617357481800961041677976442675270614788449850664399214841
32986756679479135895739698204187012551399647964112110496642448315968363980267
68568822703170130844970621031400844408789177445230822924604314594615749484204
57281804093792826224423881376844894374969361691688851554839808913553280664936
32159353506439916677163958059463682454510972301851276486762838302275259031133
102065734104495391698261105956671515299707361658866638866972708887185683564901
92756414984375087306497388534399828700443657539654137109143664571631752315105
42316071995641289058439892009441963627318421826659596957500611264325384015649
34965512632585061708817593815896092262491716339565731511864139759271188862015
41524243077747323164337937494490017754639771409120365183000859304208490130101
4345471643752476584288531553219792069158393169667195301012684424637541200590
65477897882195739239358636035090662841027807765238768642388821325618048927559
110355190167246204992846030080566717568259506115808857721768143844077896092042
73933471369645960298499240839995256716654595243074754233577117655915926020677
68057662467284344755222078300630994608366524431950095258343529274175839597547
92424659192677510761191738867404823920181173741015725617511461307689735188502
81020592542168917317423605204941495781068818198982158083686425123796464928201
82794319374037396047855179669175186148448260577469373172778316379743143022523
79924328079381225649220782601798710679764726125511294154599029462724192246899
76731182107897980257628942226798554070267418820593442980859547792356635595667
113618949040959179965916070383651479818429832292580702194688387239486647786078
94972345732634210321556218859335207583312729606620074551683165252854002390715
82606241090162985956178147510695181288407997423597712738068418373406013621889
99336380791895904134042657082570832652404246534349966780791510888756255783467
92369309777624968435968044301182514496728993614372267933360229921173569755986
23942933351712959752862711812624139589423458948680916617410232989580120697459
6962011454374369484124849025743927495289501603816674194514807592726534123925
56947495095894536780263544449284482156754933663912212020626450386579878712404
88162732787828622537218120145640459249942893253434514609118757061798816821280
64055316735361402505346031173772173294830062486327645131148613276957400056438
25783403778446789576378345094771165413900535374211116630139639168196977116937
55970173564232881295857173808473398998080433097855919488564239027115291518571
6051156958238681797674677286215646911788669340945718419992009279717876058974
33006512676197949404849446954642906326285667954813699913215929726644275972138
48890356725970864136801257284042095614348074506896663698783870469642380038484
17514611676937558408871420372052714813559012180182814314980784805648575435245
58362478044935607169204244844196972181753890129705598324524496288006199052210
54196509172178906323553815497844255581177943201275678316218837488307657201820
29617140983952518072666611854574098118413191000722974517876544713011699942740
29678585917449169789130849194781151355673165484765902142686805584441183210661
113192581982027192608090387983020475259694629084570855598149875708519329580678
48503675427698803604071467849164292020487094236464172805091561682488452031493
110428063229175342701362438392632047803601622998788173503386466195461996759020
749255046122067658597872776011284001727705320997805710739522672961064913594
8201294087171965226112804667683148237948790687265407917632363978990326667730
5970457560251032389570325037631681730704499204757149517295307347156474875694
14587984572121988727566515117402475803115696616554493000874456225022105910441
26615343381936463963533209219503963880917651959880133568814295709631490970939
95380365626610731773483127266256430164399852800632888503368047419364987353234
18583469978762573526984824748501421948527443924320289480914091019974050909210
926143645347200963619942998669708682086793979254630661167347199637946918565
38748020024812197794865947780920849988055876651705916752547542673146324483588
34490633854251105905386653843816843716133616442980492291654341365231047191817
61525309277126339588588825171690175243634790485705814044490470913989994173679
38313197085673838812766373326841759800248365147013779656834210074768233153738
73384426327046402919171662578493343949378856392057934215184656467221653750291
15499422754058591410116377591511228213270394219811564563796840944780107780312
40630073590546430417757259547861258628823523266199366895801036670846634618719
98820284160781562637281058026053398811763903192188209657879922102414638819479
42723704205742081140886640312109750355148607681698759840235178022956359043738
23871850836334951664384978416775126142571719438598198381146716258229409490471
46375002435299929562087093906753512815940427127187565691535403327265105934945
83754807886484844564825632004366901743371019667775718497538739880533891301473
50861660111522795185459799690161450154555924799589521725990173598754468709668
86015067010039054888551894035621884108898803136029140203900996332348102002464
21771896744314325059449773217041207019082344909776403729929185634943420349286
61341514794600671626468640837578759370421972330542489055088750918214433675422
34942118448622253875624165881602009115636569983085581933716858187105816334121
3288872530356312508227651734214369599491404861340671157006275104740951829864
53870225643738002738147933070667816467922655206082417685125060053728701231077
14971789738734855360296652006484408378100238620218637140311975478618263028011
77545982663793289359517583731360394074146618304694465416822020953766033913230
95576431333250458652055321005201525006696588331708193992020496048038307484041
24662545626806101996051549948216768746513667511560465892854635829486397787179
22109766071829329775505090969143125636492722163500780855548412481583427972149
56358021670790470252895983418690148706950752051596780611002523067874559637390
38910305086805948503093953385367891591649026628488956786914148817178494339278
35582850157484717189064688566069095944257556111358394745151662475310550945928
111018118977577899560806055979077220912260263062391892663426272352405437621360
62885072009978888047487056905841603641438412068757840915914622661438386369875
60788345131365078696584290271875547779246128689099560786295045613715953640011
84118878667816883669227431709039319988129934180877672501739361141258082065354
38580994634515767908125762921985422392765267691404671819979126439524623272920
100344957873546460663209772660169702451601560126281209714984321644237327106074
56430537892961536780230250076473316870237910940668517241284889313811798931583
41865694764607113651133196531214009349065994080078822084578441842197794860088
56690221456430730031659581778545331052111621154213960398340761884286691791395
37057432859475435306077787180613415799053361850818312168136786091339629202137
90111580190035398932449316529477832368007045384838730119836043335606077315021
86449394084092563476725510779322407854598324589408267123581749732945129564372
104998842287542312925635844743695698706452437351094885375246912624872885678481
26423106750332144577777182289039667341070635586314874009062994595330447281960
102534306130615069710183491648397807794027440980667132395756833758562916549019
74656387750532715824729386083209632929543410070926145721563058235785177817638
61314251144660307408846852632816743636887604679844697472259531428861390358395
41598737663920791763876953010068204338393734822941422362460586505275332375308
71416575513431799352257038950992053497072889265445659819023920204228491469082
13530965430388105435234352440450437824028142052268336365314826666404191790556
60703404103639724131558269024277068654268543688084046008297106652089131576965
98658905424293904265876475656412576150540276637132812628771089516734498656476
2875220355138622032933025654476124827387340975466045493096019559919754101670
67064682594160151575414027448110161501779540155963382418897194120380838463135
35897333533361814022038190810868521793738292694780299638476303249217321958326
68692319672286475232131735121907307879559073159133439027948579284874345534884
36474482453204129291678269997392984248365316133747579243008458917101861260223
60739029960991610691566129674377940275092282800047792054131754644688257309726
65534015771664064792717445973088473645074617150445866222647536885849887502437
22749184093463358455770140339613206216990007268206758909199315723932128869692
91049119756353223953773391470061688585129753428138472221621482807686532771714
38915515870563891922825569822715454372781236116288425848631663289175945304126
26981803071672553021750457882125548370901897151274966203693022351778549092556
100657660045989428985483551877104278895360272474430675559034354516360115894153
13363226152341349669415268719900470270793201950987301756749841063433950312189
88734861249464181227300781459770360115997330171728949435892274984183040379326
107929598282497746524483373081157900645775307851403263617540392786135622814220
32876955947495801773673017744692131035528791253863168397599650684403259048685
24065961242715076421421678927477671537516526690401933004107695425727235261653
24154862150404353800925687082036119146345739642388268031468191453692496377423
15794212006924153434510247499642577755662333354903648046525434993090255405908
110236991660049277087693988861026777152887076172826038969715530221114163628526
26672303366239301215049021193605587095100373584385415081182354889367734023769
16924822675185689634867313636228909033899224979586194362689988302008987251448
98058499378740096612381938031779521646542325589225434467607362257468579787057
52426587544382068957391199371279912544240543982038165295935450413327307153392
16522382201748090869696166877322115222177269684644680508588123832712189450075
27051902763680306786846583534309702062762245240146942577586135285695735411763
